0.10003414
0.09033151
0.095413536
0.10750146
0.091275424
0.09742343
0.09472273
0.10128475
0.10883494
0.09357167
0.09098352
0.10729927
0.09991286
0.09598989
0.10207227
0.09237819
0.08772099
0.09801029
0.098783106
0.10583955
0.09872035
0.09697713
0.096824534
0.09696784
0.10055215
0.09672115
0.106499836
0.092379406
0.10663527
0.09455475
0.09693588
0.09650939
0.0958273
0.09641855
0.08318917
0.10608983
0.10149316
0.09888912
0.09400519
0.11435039
0.10407136
0.10959356
0.10185157
0.1008512
0.10697664
0.08926318
0.10422798
0.10590459
0.0955034
0.10763136
0.09878231
0.101511165
0.08993715
0.095533326
0.09747996
0.09805695
0.109486416
0.09370515
0.106929325
0.091900215
0.09686207
0.10514808
0.09805101
0.098487206
0.10797429
0.09729177
0.11229285
0.104366675
0.097071946
0.09082736
0.09251366
0.09373332
0.10184925
0.095550895
0.09783199
0.10160058
0.10492949
0.09921181
0.093751095
0.09638654
0.103104346
0.10399349
0.108204216
0.10649748
0.10443559
0.09369035
0.09901555
0.09586241
0.099601
0.08971839
0.10020206
0.10580368
0.09476651
0.09487806
0.090100214
0.10402574
0.09739485
0.09872492
0.10530534
0.094326995
0.10342957
0.094580844
0.09607068
0.09496461
0.10328485
0.108975075
0.1048565
0.09465148
0.10389289
0.10686201
0.10519842
0.10189899
0.0993785
0.09922391
0.10641922
0.090469144
0.10093482
0.09814179
0.10635089
0.093913496
0.097706236
0.1092181
0.10362958
0.10671759
0.09814124
0.096710294
0.09655871
0.08930936
