-0.034375943
0.038894728
0.07302586
0.027781004
-0.14414683
-0.03115301
0.11002314
0.09940069
0.19863835
0.04308542
-0.035520505
-0.021593204
0.108306974
0.03355412
-0.11479249
0.011881362
0.011102683
-0.028926158
-0.045674365
-0.06611939
-0.14441542
-0.05627357
0.14409485
-0.061489392
0.06250892
0.038275592
-0.049968112
-0.05047724
0.12353093
0.013664504
-0.009663501
-0.061755564
0.09824637
-0.009128825
-0.09900721
-0.11504742
0.19741526
0.050917443
0.15096943
0.04814654
0.06879494
-0.07288751
0.02229854
0.1339591
-0.040290058
-0.07975537
0.12608613
-0.26492938
-0.13024037
-0.1947454
-0.06275715
0.051116098
0.048994984
-0.056772675
-0.10599334
-0.02833122
-0.17048755
-0.08496512
-0.003670488
0.13306643
0.06851004
-0.018503593
-0.10948743
0.016830206
0.092329115
0.03689944
0.14701174
-0.0698143
-0.10473258
0.07290845
0.043547835
-0.24046192
-0.06457748
0.089800276
-0.0051677343
0.053740494
-0.18706433
-0.30211568
0.107838094
-0.2461661
-0.005049261
0.13941365
-0.047037955
-0.051938783
0.11946333
-0.019080712
0.0005745939
-0.13603577
-0.06511919
-0.09387931
-0.05825996
0.046246458
-0.13662277
-0.1076697
-0.053755075
0.18083581
-0.036665298
0.021058777
0.05334279
-0.08582313
0.04305069
-0.18935813
0.14701793
0.006353466
-0.11740299
0.027990667
0.063168526
-0.07206021
-0.018554505
-0.0020438025
-0.14330971
-0.100177966
0.0028715017
0.050567385
-0.13259223
0.035663627
-0.03421441
0.07467422
-0.06632203
-0.097939044
-0.03463498
-0.16818479
0.037081823
0.04959681
0.021961777
0.06386699
0.04671763
0.107964724
0.02935608
-0.05976624
-0.063232325
0.0555823
0.08687178
-0.04653286
0.01501306
-0.19874266
-0.1107104
0.012894793
-0.08504078
-0.007076501
-0.17636777
-0.07411215
0.1422321
-0.024159912
0.00849205
-0.06340818
-0.031198932
-0.12738204
0.06315717
0.16537456
-0.057233874
-0.04695845
-0.17432527
-0.081663094
-0.02162735
0.02841515
-0.098469175
-0.0480555
-0.1741895
0.1182161
0.008277171
0.027264256
0.0833323
-0.18695764
-0.08011527
-0.14486748
-0.060982127
0.09723313
0.15068682
0.092556946
0.06901859
0.087198704
-0.008282701
0.1390977
-0.25853416
0.011784399
0.045076855
-0.03251149
-0.11584716
-0.004143022
-0.06373803
-0.10030777
-0.009862704
0.04177279
-0.093552716
-0.07484465
0.057479408
-0.10304701
0.029348388
0.12275113
0.049796563
-0.17197384
0.12681194
-0.20661227
-0.11621176
-0.023855004
-0.022108825
0.041031428
-0.13548647
-0.044549044
0.10692165
0.18561873
0.16562223
-0.034485463
0.0696275
-0.04849923
-0.017199993
-0.067707166
0.07003844
0.014997621
0.050426602
-0.050731573
0.25303125
-0.12861983
-0.058901947
-0.036368545
0.0645992
-0.19565439
0.09392852
0.010247674
0.07529113
-0.041542728
0.08679353
-0.15158565
0.06337136
0.0074706418
-0.10590893
0.051846545
-0.17323124
-0.042522717
0.00965065
0.05539504
-0.094397716
-0.06404758
0.037380084
-0.09614731
-0.09604538
-0.0053762523
-0.033730417
-0.12877202
-0.12897035
0.07844221
-0.08662421
0.08263977
0.030103775
-0.023518797
-0.114878446
-0.1579927
-0.17498769
-0.043555196
-0.06054282
0.028316844
0.0028357331
-0.06922609
0.106030196
-0.098273404
-0.008906789
0.029277425
-0.015548749
-0.0764276
-0.078733444
0.0026380145
-0.13555448
0.14577888
0.059588827
-0.035448544
-0.055244572
-0.034282006
0.10593636
0.19546804
-0.038111933
0.031765975
0.23481907
0.1552694
-0.13690296
0.18010877
-0.19202743
0.0743373
0.054162197
0.036789205
-0.14362934
0.049437717
0.013442289
-0.11720882
0.18440256
-0.014720709
-0.032236908
-0.034280118
-0.12641886
0.0045719338
0.13708739
0.0801899
0.16141492
-0.012625608
0.10544754
0.019057961
-0.029865116
0.1014118
-0.10949996
0.0681847
0.041109245
-0.026975313
-0.26724702
-0.048596878
0.10963698
-0.08607688
0.07388529
-0.003010451
-0.28219032
0.086732864
0.06310912
-0.07330525
0.08221772
0.003022338
0.19591896
0.22056279
0.016043233
-0.021014946
-0.040670943
-0.17024313
0.027060919
0.0925128
0.24902655
-0.18661268
-0.20137796
0.092829086
0.092092164
0.06747381
-0.07136619
0.028197246
0.12639736
-0.17237955
0.15563594
-0.04869208
-0.13612384
0.0792312
0.13637833
-0.015678786
-0.0122598475
0.20011908
-0.08126299
0.025569981
0.20672232
0.03334881
-0.10153654
-0.2049035
-0.002765838
0.22361632
-0.02946112
0.0050405716
0.17668387
0.10591146
0.043491047
0.062390395
-0.23531075
0.023445116
-0.08827684
0.078304075
0.03695321
-0.10067635
-0.22898628
-0.02031531
-0.030076735
0.10366722
0.17778799
0.01517228
0.089565314
0.13931464
0.0074727265
-0.0023315703
-0.021261103
0.08545656
-0.036392648
0.13188462
-0.09357554
0.21511531
0.21298884
-0.081131734
0.038199462
0.17500544
-0.020486752
0.05919848
0.09568731
-0.004392077
-0.053224314
-0.027722206
0.053426873
-0.10061541
-0.043021414
0.038437363
-0.016890272
-0.05017414
-0.07207798
0.029194355
-0.020003533
0.08309185
0.03146366
0.08829127
-0.13114908
0.0874741
-0.10418647
0.15298384
0.09616198
0.064765856
0.07238073
0.17872423
-0.052602846
0.17401224
-0.12103404
-0.0017604553
0.012048182
0.05751098
0.12842345
-0.0019442462
0.060048055
-0.085285634
0.010559404
0.08345023
-0.0682291
0.16827652
0.10089111
-0.16626996
0.16152129
0.011736443
0.018747747
0.03471494
-0.108479254
-0.013101895
-0.1576284
0.22811076
-0.22179581
-0.17029811
-0.11866096
0.05061124
0.021458471
-0.10162776
0.09208087
-0.1214447
-0.04883064
-0.04161537
-0.14713286
0.032936376
0.033872496
-0.024593433
0.079652734
-0.004833262
0.09994725
-0.12559286
0.11236934
0.063504405
0.05808721
-0.22966139
-0.11785116
-0.04051476
0.072719306
-0.034117218
-0.055676073
0.08109264
0.059438005
-0.09842222
0.18529409
0.03835544
0.14348428
0.07631427
-0.07788677
0.04971935
-0.03887436
0.116574176
0.19851281
0.13292314
-0.027449941
-0.00900425
-0.06597241
0.036261145
0.059005834
0.027460808
-0.010545243
-0.20874138
-0.14284632
0.09095234
-0.051363364
0.12255264
0.01736227
0.0756274
-0.09438722
-0.14272293
0.036790825
0.018036988
-0.028933888
0.019318962
0.08268334
0.011564507
0.10245641
0.22771363
-0.11746831
-0.132997
0.19035867
0.15358467
-0.009140135
-0.059038825
-0.012040616
0.071243905
0.20320287
-0.024818953
0.15215811
0.14707665
-0.10319602
0.1512882
0.029981546
-0.016989958
-0.042185914
0.13658696
0.03260585
-0.005860832
0.017275995
0.07315901
-0.07911625
-0.1794731
0.19925722
0.11039422
0.15619667
0.11825415
-0.14676915
0.00809991
0.13165414
0.15881163
-0.13253687
0.14097035
0.069382735
-0.07559174
-0.09680323
-0.03852099
-0.058862388
0.18837593
0.17284933
0.19639154
0.02803721
-0.045288157
0.05179819
0.14941068
-0.1031137
-0.023715517
-0.007996114
0.07051441
0.17889515
-0.04763395
0.03058553
-0.0067205583
-0.013268873
-0.081396915
-0.0860342
-0.098960206
0.076491185
-0.015092771
0.03708048
-0.08240143
0.061135303
-0.14692947
-0.0058293547
-0.15518568
-0.18645164
-0.070857115
0.123998806
-0.06685679
0.07288985
0.056078207
0.074991934
-0.10146746
-0.15648313
-0.085689686
0.037517976
-0.05104316
-0.114311375
-0.08096085
0.022340812
0.14849618
-0.0033583425
-0.03432041
0.018549655
-0.22299577
0.10528601
-0.053687595
0.20923999
-0.062194962
0.096922636
0.12065322
0.099573374
-0.13049057
-0.042426854
-0.1380915
0.1360102
-0.12696274
-0.055235077
-0.030894656
-0.001105544
0.06880118
-0.0021212697
-0.034218628
-0.020565556
-0.057020124
-0.015645985
-0.06740073
0.014705489
-0.07618687
0.040050738
-0.05423273
0.048746217
-0.09760066
-0.057861794
0.033098746
0.15865986
0.03885636
-0.036489766
-0.2034252
0.20473488
-0.07941475
-0.10551372
0.086436525
-0.114257686
-0.004875292
0.14926004
-0.036905237
0.16634572
-0.08450185
-0.09337952
0.105172545
0.09822522
-0.03393805
-0.16245805
-0.07139246
0.03048192
0.0076958295
0.055488005
0.18159194
0.117380515
0.045946054
0.15582801
0.02736426
0.014625421
0.00036194004
-0.06855684
-0.0035821123
-0.10260258
-0.20631284
0.16953029
0.08420491
-0.03199761
-0.006082275
-0.06103887
0.036949087
0.01743897
-0.07340385
-0.00890312
0.0033882733
0.059335448
-0.04427167
-0.013642327
-0.12649511
0.14332934
-0.041417632
0.04448343
-0.015414108
0.037646353
-0.11531358
0.071042545
0.0050097955
0.006853528
-0.09671826
-0.11070696
-0.2086208
-0.04474392
-0.06670497
0.020202931
0.11208455
0.052057505
0.098119356
-0.15334958
-0.035068702
0.037602067
-0.035306636
-0.08054167
0.017809968
0.09059344
-0.06859431
0.009564707
0.19385424
-0.12031232
0.031436503
0.16160537
0.07637304
0.06809839
-0.13779214
-0.22929117
0.029334793
0.23076782
0.1799594
-0.1338806
-0.04019367
0.0074094
0.23890807
0.10937053
0.05745418
0.021592474
-0.012156577
-0.14898819
0.04409366
0.082589336
-0.03330533
0.041859332
0.009126532
-0.053860944
0.041431647
-0.0728973
-0.009268681
0.020216715
0.07045774
-0.06253259
-0.2750436
-0.0163675
-0.011495307
0.13384807
0.02439394
0.052261528
0.16331448
0.028475655
0.011829708
-0.11918485
0.063479066
0.052559294
-0.012294556
-0.1117767
-0.010890634
-0.051459305
0.0814966
-0.14988716
-0.041129787
0.07182066
0.12964939
-0.122537635
-0.14587824
0.049301438
-0.194207
0.055342782
-0.12591532
-0.2305565
-0.088269815
-0.1488758
0.042384565
-0.15626788
-0.022089353
0.10875146
-0.08704061
0.024603983
-0.004668378
0.033415657
-0.05718537
0.0084475875
-0.0325861
0.08409375
-0.16108677
-0.20781228
0.06642547
0.030800804
0.06360836
0.006621968
0.080350555
0.023269638
-0.032937717
0.07636898
0.21047547
0.03206218
0.109879576
-0.04200827
-0.104740754
0.046600383
0.09038106
0.026261305
-0.16157648
-0.11563667
-0.10462295
-0.036730547
-0.033555947
-0.1170179
0.20688039
-0.043949954
-0.1161402
-0.18233804
-0.11546751
-0.117417336
0.09864766
0.1162787
0.17019676
0.16871856
0.1281742
0.056698788
-0.10971145
0.16724344
0.119138286
0.20326467
0.11347099
-0.06873435
-0.09303644
0.19550493
-0.00821764
0.03037343
-0.019529866
0.04598289
-0.08199863
0.107899375
0.043265298
0.03354233
0.028340131
0.09277324
-0.085334934
-0.10906841
0.056071326
-0.095887914
-0.1481845
-0.16640678
-0.08799813
-0.21516933
0.14454305
0.1814216
0.05004301
-0.046109844
-0.12317332
-0.062007517
0.028241664
-0.096436866
0.034318555
0.124394916
0.042220302
-0.17060351
-0.002028379
0.16509895
0.013521184
0.049804892
-0.1667693
-0.051434267
-0.015646348
0.088923335
-0.038717184
-0.062186997
0.027192727
0.03633568
-0.22130102
-0.1246626
0.075634345
-0.07585626
-0.013700498
-0.06984095
0.013180767
-0.19342856
0.21498765
-0.0033776048
-0.13528913
0.013055598
0.04365443
0.14096048
0.03816479
-0.040626585
-0.09771456
0.06035734
0.00177868
-0.08676644
-0.056780644
-0.19968125
0.09694557
-0.03599641
-0.037916616
-0.028487394
-0.08886106
0.0025030829
-0.006811399
-0.22785558
-0.10061319
0.10940622
-0.030774994
0.010953228
-0.06752877
0.18764096
0.028958295
0.020860251
-0.07676469
0.062189177
-0.0022277224
-0.048550703
0.02730061
0.14103614
0.17646083
0.16423434
-0.08518307
-0.18200226
-0.15825336
0.086863
0.046475694
0.06734149
-0.065582834
0.1666003
0.04882113
0.18764393
-0.033936173
0.19403234
-0.042577613
0.16088566
0.040466737
0.029912965
-0.077847384
0.014814053
-0.030581545
-0.097760044
-0.21171486
-0.07422853
0.042086944
0.08173776
-0.0075466903
-0.18108079
-0.03672595
0.09037287
-0.19205205
-0.025608107
-0.12900826
0.16722308
0.16328204
-0.03385032
0.03940506
-0.11082731
-0.08691767
-0.03438114
0.116287135
0.14597908
0.17041303
-0.0019956103
-0.09300141
0.0421915
-0.017403854
0.03288187
-0.07884921
-0.021173822
-0.053492676
-0.029807242
-0.09694223
-0.107716255
-0.04513905
0.05209029
0.009942952
-0.05970138
0.08021418
-0.11724649
0.10001103
0.0023331747
0.044925738
0.092137985
0.0787264
0.079362564
-0.06402699
-0.111770615
0.031365417
-0.08231703
0.18931846
-0.091555245
0.1509501
-0.14237013
-0.18775131
0.00015732479
-0.13777499
-0.03564074
0.020153202
-0.13077614
0.034574673
-0.02165669
0.055097334
0.054953143
-0.19129777
-0.13689783
-0.09903359
0.08211484
-0.1149195
0.0491418
-0.10216966
0.13385391
0.0078657875
-0.18472794
-0.024243997
-0.0022648808
0.20706777
-0.13386461
-0.008205081
0.13943101
-0.07652087
-0.12778302
0.13394138
-0.10604124
-0.049987774
0.017059142
0.09099622
-0.008432533
0.037894174
0.1667963
-0.0002660362
-0.008466751
-0.17163369
-0.0919826
-0.0973017
0.029614978
-0.06923124
-0.12333588
-0.060732085
0.031819988
0.103050575
-0.032031983
0.02896748
-0.107666925
0.11598617
-0.0029250039
0.091658644
0.17149028
-0.0046142777
-0.064071365
-0.09386233
-0.02246928
0.080595925
0.12891056
0.14560445
0.014789685
0.07407534
-0.15722483
0.11883672
-0.07032325
0.040514767
0.008136165
-0.11632533
0.04604217
-0.093829244
-0.011157614
-0.07956769
0.050671514
-0.04663889
-0.25487813
-0.010081856
-0.020557627
0.19552112
-0.13066924
0.14176176
-0.036357608
-0.027429746
-0.12583952
0.20736642
0.119226776
-0.09369626
0.071908556
0.05463414
-0.06390129
-0.118638195
0.091420315
0.07060393
-0.03843678
-0.03240158
-0.18919064
-0.16763067
0.058469642
-0.12903759
-0.05437412
-0.022335432
-0.004284697
-0.1464816
-0.1397375
0.025496004
-0.021755116
-0.019203346
0.19724402
0.1589453
0.022345597
-0.051541075
0.1486538
0.18484086
0.09405908
-0.010975803
-0.031694338
-0.021379534
-0.05104433
-0.101367876
-0.13807176
0.04086758
0.059123147
-0.08968346
0.079881534
-0.03933485
0.1725538
0.10612519
0.09591337
-0.10602667
0.12027471
0.03606835
0.21158938
-0.066174276
-0.13502344
-0.18487884
-0.15044108
0.03591098
-0.021324722
-0.011390898
0.28179836
0.07072449
-0.024192937
-0.037958134
0.12791146
0.09257621
0.041514736
-0.113212876
0.11438815
0.035540637
-0.005729042
0.06678697
-0.10669643
-0.15508991
-0.026033014
0.0075072567
0.01970738
0.14064038
-0.03268604
-0.13247655
0.1845517
0.086698055
0.047385093
-0.14057307
0.07089259
0.022700734
0.027177721
-0.102111354
0.097068675
0.17539908
-0.10348603
-0.09598984
0.15386459
-0.15788053
-0.18028085
-0.098996565
0.03618938
0.1332529
-0.06685064
-0.19236223
-0.051554427
-0.16119894
0.11984568
-0.12924202
0.023910413
-0.01118526
-0.06509928
0.073863104
-0.044346884
0.024997648
0.21116234
0.02498561
0.16565715
0.014451185
0.14401612
-0.032598756
-0.011136827
-0.025473965
0.057898164
-0.07452635
-0.067213185
-0.04826927
-0.107606545
0.10364936
0.18575098
0.07746715
0.15536422
-0.014868763
0.16313401
0.0018482433
-0.0041646063
-0.034787606
0.10823333
0.0762199
0.063961595
0.030770896
-0.07180348
0.14996849
-0.04359681
0.035567272
0.06923516
0.09268779
-0.076146886
-0.036093347
-0.018973941
0.10590061
0.061439667
0.084552996
0.21533735
-0.08104708
0.112298615
0.06714888
-0.15906021
-0.098116316
-0.1770035
-0.17718463
-0.17324996
-0.1415615
0.0087143835
0.0835281
0.097078875
-0.17305899
0.054217216
0.04585966
-0.039710283
0.064082384
0.021835323
0.11185075
0.0018785939
-0.0398035
0.17696247
0.03353075
-0.028546205
0.14586872
-0.07839592
0.029791158
-0.027684161
-0.039969347
-0.072923355
0.0655907
0.16631302
-0.023912134
-0.0073304786
0.015492379
-0.08382302
-0.08180099
-0.023195831
0.053979293
0.052314226
0.16423222
0.16650729
-0.09243327
0.05093848
0.09381824
0.21992472
0.00041369168
0.03547374
0.16014843
0.11532393
-0.044293195
-0.08760873
-0.17573027
-0.11385555
0.18010344
-0.06539235
-0.12277302
0.09902083
-0.028061915
0.110749096
-0.09199905
-0.12104484
-0.16821776
0.08211133
-0.059525725
-0.03826265
-0.16686508
-0.047203254
0.08861332
0.033810608
0.059713036
0.15132514
-0.0035020919
0.07954807
-0.07991699
-0.042930517
-0.01986112
0.04382813
-0.052975025
-0.07763897
-0.03343666
-0.19357865
-0.06345485
-0.05756972
0.07641812
-0.08000109
0.04195085
0.010869369
-0.11750391
-0.108671725
-0.09609377
-0.054541014
-0.09541636
0.05789015
0.084411666
0.08061784
-0.07679699
-0.087291315
0.21651615
-0.13188092
-0.08266856
-0.05387921
-0.09474938
-0.17027055
0.05017148
-0.1156297
0.01742386
-0.12864485
0.18043342
-0.047198877
-0.139249
0.09853114
-0.17260228
-0.05608491
0.030038599
0.2007907
-0.07239265
0.17073907
0.06049193
-0.034810122
0.054051995
0.0065674456
-0.11408325
0.026897127
-0.07451218
-0.018916855
0.11283948
-0.07745759
-0.012188438
-0.041967664
-0.09684289
0.019647095
0.07062145
-0.051968236
-0.024571098
-0.13047954
-0.0031736633
-0.007965621
0.12489815
-0.033248447
0.015368505
-0.027151663
0.034129806
0.11201195
-0.044119403
0.15594836
0.069387145
0.02044008
-0.08034037
0.105729975
0.021382296
-0.045647494
0.12189182
-0.1395087
0.056975774
0.14329138
-0.21787696
-0.06501834
0.05383674
0.13822234
-0.07784049
0.10181642
-0.16067427
0.130485
0.002378311
-0.043594353
-0.19609371
0.090638384
-0.0007526209
0.023476359
0.07824213
0.0037402723
0.07754065
-0.1721879
-0.2080382
0.003960738
-0.101943694
-0.0072398894
-0.15402567
-0.16300231
-0.032905437
0.012561105
-0.08140807
0.097706616
0.0541525
0.1132964
0.106835455
-0.17654705
0.11815185
0.03849605
-0.1232581
0.076100536
0.025577795
0.035017047
-0.0022587522
-0.045535486
0.03388695
-0.10956873
0.11563943
-0.14406818
-0.04302731
0.13320017
-0.041706
0.14503904
-0.07918459
0.063236095
0.05849021
0.090383515
-0.05624545
-0.18175456
-0.0005729464
0.0017393401
-0.101102665
-0.08705398
-0.061958063
-0.02164189
-0.04690766
0.010718357
-0.15419674
0.09283396
0.023141751
0.110231385
0.014930328
-0.07118033
0.00046552945
0.20075421
0.019521844
-0.053688258
-0.047864463
-0.14742048
-0.25043774
0.03707047
-0.07130359
-0.04275125
0.027445177
0.12508534
0.22330877
-0.20523514
0.12391203
-0.031878576
-0.27864617
0.070539966
0.009802194
-0.060172297
-0.039137617
0.07700321
0.058854584
0.11540875
0.10762794
0.105794765
-0.113278635
0.2067205
0.075085066
0.016927171
0.1283063
0.0063160444
-0.06538394
0.012859271
0.118997194
-0.12418285
0.07273745
-0.05266767
-0.008252922
-0.08657071
-0.015040616
-0.03695009
0.03777763
0.026884958
0.11021295
0.018258423
-0.020192463
0.028228626
0.028636886
0.031720895
0.06411516
0.19282044
0.040983383
0.037148684
-0.10209529
-0.12203521
-0.050581038
0.0042292583
-0.10531207
0.13506657
-0.07093657
-0.029800564
-0.24690378
0.024857126
0.012383474
-0.028047772
0.09535166
-0.04668665
-0.0031519087
-0.19620913
0.056278
0.011621991
0.08299492
0.14024381
-0.06150855
0.029665364
-0.05996418
-0.047993306
-0.0068143387
-0.07541572
0.17264166
-0.15663607
0.11333845
-0.010728711
0.028415935
-0.05439723
-0.09911501
0.16078833
0.019292792
-0.057609636
-0.16767429
0.058772247
0.23540476
0.062378597
0.1636897
0.06851645
0.021222705
0.13908231
-0.05619542
-0.13166769
-0.0064358898
0.1028363
-0.0912917
-0.03708656
-0.10835698
-0.08475937
-0.12620068
-0.0056373933
0.107948415
-0.066594414
0.035388622
0.03641883
-0.039588924
0.11163952
0.13373664
-0.14773147
-0.03420929
-0.051259145
0.07246589
-0.024176836
-0.05387497
-0.17884637
0.08841595
-0.09786162
-0.07352444
0.066030994
0.21319275
-0.04583805
0.022178981
-0.07122719
0.014963066
-0.12158896
0.22175322
-0.070031196
0.13015892
0.0108340755
-0.024101345
0.21894372
0.09460773
0.2721679
0.12005789
0.05087512
0.036569614
-0.06897574
-0.13485323
-0.04810473
0.00075714383
-0.10890144
0.08919776
0.039620217
0.091632724
-0.0039134407
0.04102962
-0.043576993
-0.07186041
-0.033163045
0.11426773
0.01704323
-0.12839437
0.14898987
-0.08139018
0.007536822
-0.08812698
-0.06176638
-0.11657226
0.017209731
-0.20223756
0.030523572
-0.24750143
-0.208409
0.0037525513
-0.01587126
-0.05774265
-0.15426478
0.060706247
0.12012569
-0.09622454
0.097397946
-0.08050658
-0.21699074
0.090500616
-0.17065987
-0.16395852
-0.101259016
-0.11801164
-0.04884419
-0.11747424
-0.045100745
0.008460285
0.014168736
0.14145732
-0.03380123
-0.04705873
0.046805564
-0.15385614
0.115335226
-0.0470035
-0.14682412
-0.2112652
0.2627019
-0.20381361
0.103681475
0.106084496
0.2428991
0.15226443
0.20627716
-0.16266039
0.041263364
-0.1881776
0.111581124
0.1785905
-0.0055568987
-0.08152994
0.050938275
-0.1117478
-0.07631231
0.1794939
0.057282787
-0.013208588
-0.11665171
0.09351562
0.016349787
0.1485851
-0.26772273
0.15803994
-0.13872017
0.07771322
0.085415475
-0.04726353
0.007916032
0.035230853
0.10902138
-0.0077356747
-0.085671835
-0.19979334
0.08002346
0.24931474
0.19045894
-0.020334218
-0.1135926
0.028903188
0.17209217
0.040144
0.010008737
-0.09683407
0.15344118
-0.017666373
-0.056201525
0.13994107
-0.05989597
0.03902337
0.021055017
-0.14328875
-0.18133524
-0.0548562
-0.025292125
-0.06416275
-0.06955453
-0.13149698
0.09472606
-0.11275927
0.028486744
-0.0770123
0.014083379
0.06358145
0.0031362164
0.108931065
-0.13283336
-0.121711925
-0.040392604
-0.063251115
-0.1484244
-0.10170427
-0.026085056
-0.021667838
0.048966225
0.115632735
0.0042213616
-0.007871681
-0.12780784
-0.14977449
-0.0119493045
0.00960307
-0.1619489
-0.106937334
0.037483823
0.049762502
-0.2376478
0.06307218
-0.005532844
-0.13041618
-0.020815898
-0.07513976
-0.11535022
0.13454711
-0.0703112
-0.11270703
0.19904545
0.03125254
-0.003492815
0.13505057
0.15553385
0.03280624
-0.046951525
0.08072959
0.013310446
0.023926476
0.028509391
0.21379219
-0.12811393
-0.04320556
0.20168647
0.08161385
0.053054936
0.05186343
-0.06458355
-0.022796318
0.03782543
-0.037346955
0.004009528
0.028006015
0.14863487
0.021610571
-0.043479197
-0.038840625
-0.11221372
-0.0385235
-0.05472537
0.025938144
0.049526893
0.06766545
-0.08040944
0.025270838
0.11878672
-0.22662345
-0.02109377
-0.07285769
0.12859699
0.005575232
-0.012196067
0.07824534
0.10904
-0.083003
0.010987179
-0.0162831
0.079821505
-0.07981634
-0.11257339
0.22007804
0.061653607
0.0982524
-0.03742223
0.103018135
0.076948315
0.021410802
0.006730815
-0.25814041
0.058787048
-0.24112165
-0.01578848
0.1025739
-0.046433005
-0.06351522
-0.20733221
-0.116216436
-0.128017
-0.04076599
-0.021680072
-0.015578589
-0.02676727
0.15981913
-0.18628928
-0.067511454
0.05562785
-0.11154437
-0.014635267
0.03885554
0.0636888
0.15133579
0.038709834
-0.045732845
0.00796754
-0.13886128
0.10575164
0.01757195
0.100648195
0.049277708
-0.012326114
-0.07405572
-0.007171223
0.22194976
-0.13109006
0.0455786
-0.09127039
-0.06372123
0.057331957
0.13271345
-0.015456485
-0.013849987
0.10148185
0.18587223
0.015871191
0.05315841
0.15673415
0.04365798
-0.0007670294
0.10822663
0.18057178
0.090980336
-0.10976139
0.12416025
0.03211042
-0.07129695
0.064639464
-0.031564873
-0.23705913
0.04693182
0.0038400353
-0.10405885
-0.01789371
0.024173262
-0.04607825
0.018677313
-0.0776947
0.0013690765
0.12317838
0.11491923
0.26282716
0.18896547
0.14669259
0.13191447
0.18708739
-0.025746692
0.037345894
0.014780693
0.0022116955
0.21100256
-0.021334672
0.14206854
0.06613137
0.09349927
-0.0047492124
-0.042731352
-0.06196708
-0.12989777
-0.08937496
-0.0014016109
-0.15042602
-0.1760173
0.08820268
-0.10471896
0.0278056
0.18732557
-0.12566288
-0.024676312
0.10942838
0.054446086
-0.17481582
-0.04136715
0.044138934
-0.051457442
0.1793082
0.036201913
0.0533967
-0.007062569
0.06647014
0.17073433
0.098835126
0.06551341
0.032924585
-0.09619801
0.03215525
0.12519105
0.06584391
0.040089305
-0.07189777
0.07978069
-0.13393994
-0.20638886
0.12342161
-0.17510495
0.10402745
-0.08049851
-0.18839738
-0.11314594
0.18938418
0.04958803
-0.038477268
-0.03796387
0.07232893
0.04194637
-0.22950944
-0.16433054
0.016615164
-0.06882515
-0.08255826
0.04420697
-0.011258571
0.13641979
0.18012428
-0.16001488
-0.10730352
-0.1284254
0.09904606
0.13134445
-0.082891345
-0.003216786
0.049766447
-0.11856083
0.1074635
0.06682358
-0.18765903
-0.03582833
-0.010324622
-0.14439663
0.15812431
0.15898256
0.030688312
-0.041737486
-0.012635211
0.026078617
0.06258945
0.07610867
0.14814524
-0.12102232
0.16829225
0.2081274
0.036823682
-0.016552322
0.17531781
0.19562158
-0.024228735
0.06842035
-0.058523692
-0.072956115
-0.057223264
0.14427699
0.052516382
-0.15731555
-0.023633895
0.026585838
0.14036718
0.059389547
-0.124394365
-0.06836816
0.06569287
0.10960053
-0.07931199
0.0908802
0.08564281
0.10097663
0.02546713
-0.00046558288
0.031469587
-0.17728998
0.2847794
-0.018838434
0.09142231
-0.043708514
-0.05541286
0.096513055
0.12154584
-0.04414527
0.012916181
-0.107007824
0.07752683
0.071206376
-0.0938712
0.044359867
0.09317658
0.06915539
-0.111644454
0.1339463
-0.05941119
-0.012708653
-0.004210287
-0.037841406
-0.04960936
-0.0163771
0.044793885
-0.14067441
-0.048521284
-0.13806498
-0.08545998
0.16431375
0.03661329
-0.007971002
0.0017439023
0.06003967
-0.06791928
-0.06357237
0.042403013
0.019747548
0.05282454
0.0030032846
0.116406076
0.07883691
-0.014120946
0.06365056
-0.034767576
0.023460437
0.026426662
0.09556543
0.051101755
-0.035906155
-0.009975861
-0.005102397
0.0037417947
0.08976059
0.0043177055
0.067847714
0.041328102
0.05188312
-0.15695836
0.12618876
-0.017262002
0.15729283
0.19662698
0.122011624
0.02965727
-0.0059764367
0.10720692
0.13952056
-0.001297759
0.057000596
0.0015420354
-0.029151347
0.0699998
-0.035446905
-0.027501607
-0.051871404
0.06984593
-0.07305106
0.056217212
0.16485484
0.13642406
-0.17654018
0.028545761
0.09472978
-0.07564829
0.020462276
0.13771525
0.08963822
-0.10032829
0.02392255
0.20630816
0.014098769
0.020245966
0.11450578
-0.000941361
-0.037334327
0.20413987
-0.04027559
0.10033107
0.097630054
0.09859954
0.19009787
-0.06528612
0.0062131123
0.088599525
-0.10612748
-0.14945021
0.015992992
0.12184113
0.09896801
0.058002315
-0.01270839
0.0020997964
0.18243101
-0.1704523
0.14075664
-0.02886024
-0.17699046
-0.057027616
-0.1481937
0.13824768
-0.13865022
0.05025315
0.08107954
-0.060607772
-0.06674349
-0.15323173
-0.04261242
-0.10525627
0.05235019
0.0409715
0.1347921
-0.108650096
0.020948302
-0.10794929
-0.11904668
0.091131985
-0.0508754
0.08296855
0.03824925
0.092444964
0.098419614
-0.007457935
-0.0345336
-0.086683065
0.12726541
0.24191853
-0.06067789
-0.124140196
0.011009745
-0.13345847
0.057101957
0.15045331
0.098969735
-0.060113095
-0.12510218
0.0830613
-0.20594862
-0.09318855
-0.021354726
0.09079874
-0.053558804
0.08369189
-0.08813456
-0.01392076
-0.16986924
-0.24766968
0.06860152
0.110193186
0.099611774
0.16259529
-0.09613315
-0.015633443
-0.07289991
0.12398039
0.037417784
-0.08776913
-0.09949237
0.13938531
-0.009229613
0.005651232
-0.015499607
-0.1197529
-0.10177655
-0.07933107
0.15909585
0.06514127
0.011077225
-0.088561885
0.13312358
-0.1992457
-0.030317893
0.19532755
0.20043443
0.23969074
-0.047946256
-0.106755145
0.009747724
-0.12396746
0.073830724
0.007667509
0.019902289
0.050015833
-0.044127624
-0.10329876
0.048241008
-0.07103779
-0.02352663
-0.12656532
-0.05346773
-0.15203883
0.017602565
0.08522905
-0.10969642
0.02660611
-0.04119699
0.05497276
0.063306354
-0.030733239
-0.018041056
-0.13733838
0.13540539
0.12582555
-0.025114821
-0.2665204
-0.067960165
0.113396585
0.06264412
-0.011193174
-0.05687133
0.030701695
-0.18516201
-0.07981784
0.011067441
0.054764643
-0.11315615
-0.045813825
-0.08124614
-0.002383285
0.05594909
0.032587964
-0.01612449
0.13639624
-0.17864682
0.15702759
-0.0011993342
-0.15700975
0.04215676
-0.10009851
-0.064066865
0.0852486
0.025741678
0.05987482
0.14879331
-0.10861571
-0.052441433
0.17939304
0.15679082
-0.05291143
-0.13755262
-0.062114302
0.17935935
-0.102653086
0.14169565
-0.117205404
-0.13637209
0.031629767
0.03719054
-0.024291364
0.040476
0.1389719
-0.01594342
-0.025871132
-0.013862037
0.08335961
-0.048519935
0.03597793
0.0007823977
-0.00825214
0.07799928
-0.023678105
-0.020006977
-0.08945205
-0.045736417
0.050486084
0.0009804021
-0.024080385
0.049793344
-0.1475524
-0.1445692
0.27462724
-0.21224226
-0.0124251945
-0.065632045
-0.06328481
-0.2002749
-0.08164528
0.033315722
0.08907455
-0.061500173
-0.079256676
0.006934885
0.0605974
0.0072219134
-0.008671002
0.16607022
-0.20847514
0.07710235
0.03715024
-0.024364691
0.05298053
-0.057140026
-0.04209394
0.026231952
-0.029846754
-0.03762414
-0.07493937
-0.06485069
0.13193311
-0.023119979
-0.13525319
-0.10398568
0.08854406
0.012452265
0.14718054
-0.16564326
0.064054176
0.1260583
-0.08297837
0.13328955
-0.08730074
-0.13711563
-0.015368451
0.017157005
0.04202573
0.15838532
0.09730631
0.15678626
-0.027490977
-0.17943063
0.086989775
-0.02045852
-0.07216584
0.14457536
-0.05385322
-0.027158724
-0.021827005
-0.0046783364
0.041410767
0.08635284
-0.17856167
0.18060032
-0.054177023
-0.06575695
-0.034005657
-0.18631832
-0.004697474
0.05961274
-0.005595899
-0.17905526
-0.16617838
-0.19977349
-0.17890957
-0.054251067
0.028787773
0.08638339
-0.05535462
-0.00891574
0.010325251
-0.09941007
0.15856534
-0.119668156
-0.19711874
0.080695376
0.025831616
0.0042084046
-0.014971026
-0.08590498
0.12867486
-0.020909812
0.049909934
0.14641026
-0.030792397
0.041814823
0.122809
0.020259459
0.058979854
-0.028902788
0.027527329
0.15237725
0.13356592
0.044103112
0.0026793994
-0.21654098
-0.10713116
0.02639872
0.15313476
0.10141613
0.020863578
-0.09532735
-0.038742855
-0.21184967
0.2279596
0.017401433
-0.1614509
0.05963832
0.025456632
-0.026037691
0.027169548
0.13995458
-0.058423944
-0.17513217
0.22026959
-5.2301497e-05
-0.0888118
0.073333114
0.27378556
0.068632916
-0.097743735
-0.028669536
0.036901183
0.061099745
-0.00673116
0.037096344
0.08530731
-0.20908174
-0.08506254
0.08567197
0.17661162
0.033638585
-0.14867343
0.08574314
-0.012780382
0.050770752
-0.094775945
-0.021047927
0.15790552
-0.12424689
0.0015959583
-0.10316325
-0.14422496
-0.19529182
0.1549263
0.040577203
-0.053964067
-0.16177285
0.2229034
0.08836959
-0.20676096
-0.28702375
0.014072093
-0.023867015
-0.0127743045
0.059843853
-0.089190274
0.023688946
0.033790927
-0.062707886
0.029877704
0.030741982
-0.07246787
0.029226376
0.01217853
-0.073104545
-0.08023668
-0.013317711
0.07238111
0.071763575
-0.15681824
0.093567714
0.01389352
0.03156772
0.09716633
0.030164454
-0.059368562
-0.01576625
0.11795454
-0.16502212
-0.20756957
0.020306017
0.16357674
0.07397552
0.03951238
-0.07825638
-0.13273823
-0.12034759
-0.022576997
-0.12769623
0.091000475
-0.09286358
-0.18493214
0.04397293
0.13660823
0.004940862
-0.0119737545
0.09834179
-0.04090865
-0.06280023
-0.047519892
0.123844795
-0.0076023308
0.18438594
0.1063328
0.23304226
0.09847614
-0.11721741
0.038022365
0.035387587
-0.0012088411
-0.00524805
0.04350982
0.010823173
0.06753182
-0.012057537
0.043421913
0.08993181
0.055535637
0.14958297
0.020559074
0.2010624
-0.11295726
-0.022193376
0.101392575
0.12507437
-0.08014522
-0.09349509
0.07214351
0.07454654
-0.0030879276
0.028581567
-0.09105642
0.0656081
-0.10699721
0.08532912
-0.18797676
-0.20762615
0.111393385
-0.060510702
-0.078198925
-0.16037318
0.13491699
0.017907687
0.13635205
-0.0977911
-0.17877121
-0.13267885
-0.0014312044
-0.08527167
0.10322132
0.08081762
0.013227278
0.113122284
0.026909115
-0.06389634
0.029005613
-0.15324633
-0.22700188
-0.07016491
-0.10573849
-0.119024396
0.053663395
0.18947029
0.0031781902
0.03962384
-0.07408857
0.15142097
0.00057010096
-0.14630821
0.03492161
0.11286987
0.014467749
0.07875865
0.103976466
0.14625745
-0.089591205
0.0005924371
0.036258012
0.028453987
0.11424117
-0.009061664
-0.09869735
0.16412793
0.09819817
0.124555364
0.05001791
-0.030379938
0.13260266
-0.07311261
0.14477351
-0.13510722
0.018398507
-0.21122295
0.043579817
0.1889784
0.11658819
-0.0936469
0.01415463
0.1263729
0.08195486
0.018854348
0.09752699
0.057520963
0.016854651
-0.1658184
0.08873608
0.058586653
-0.11663961
-0.0016660831
-0.09568491
0.028042441
-0.030986989
-0.07740303
-0.15552467
0.016160894
0.10449095
0.007810534
-0.05950841
-0.04764602
-0.092025965
0.16784307
0.18275525
0.12899023
0.09381694
0.18173808
-0.109327905
-0.11185245
-0.12106727
0.12134111
-0.05868189
-0.09409858
0.0011463361
-0.0036895552
0.03622074
0.059072245
-0.0762855
0.06417002
0.030496128
0.07026218
0.09193434
0.09464874
-0.10223459
0.023190524
-0.01773047
-0.05011987
-0.09635816
-0.17169295
-0.004813842
0.03607251
0.04693243
-0.06041602
0.033785444
0.039169863
-0.047374498
0.028500505
0.10885839
-0.047482636
0.050552256
-0.06780542
-0.12793654
0.16890754
-0.0542242
-0.017741937
-0.007897314
-0.14871693
0.08445649
-0.064745724
-0.150045
-0.007911593
0.096815884
-0.08421348
0.04061707
-0.03150053
0.06605353
0.03617187
0.09610569
-0.1684279
-0.0057051745
-0.07566736
-0.060148433
-0.046015978
-0.16276899
-0.012236628
0.21696155
-0.005702503
-0.062019758
0.051618386
-0.047069266
0.05138785
0.031168468
0.0669764
0.083531514
-0.009581604
-0.17634146
0.09647038
-0.07676245
0.093172014
-0.026658671
-0.028631339
0.06299965
0.018872404
0.07758132
0.17836016
-0.0039260867
-0.11421476
-0.03937815
0.0067126956
-0.010514539
0.11842403
-0.27311546
-0.08053774
0.17006505
0.006753748
0.045130737
0.081369996
0.09461704
-0.0042486275
-0.122898936
-0.08643002
-0.044392295
0.004842895
-0.08929869
-0.08011497
-0.009351941
0.024345092
0.10918166
-0.21468145
-0.10842184
0.03321704
-0.054270837
-0.10154298
0.037284806
-0.09704643
0.100160465
0.017563889
-0.0148014575
0.07462287
-0.04012247
0.05362186
-0.064873144
0.032869138
-0.13027868
-0.0043728026
0.011820456
-0.0778539
0.0056899283
0.03068428
-0.041991312
-0.008321496
-0.13449891
-0.19056334
0.07631766
-0.009698575
0.15625492
0.079237945
0.07993127
-0.22514714
-0.008594294
-0.012455383
-0.07533411
-0.014223511
0.15032244
0.17846416
-0.11189539
-0.17709558
0.08770816
-0.059712823
-0.13106991
-0.084096365
0.2141236
0.1737235
-0.28582913
-0.08481113
0.08639382
0.024767444
-0.05735476
0.0214968
0.04479402
0.07407165
0.07441677
0.007387872
-0.053360663
0.06406175
0.12459262
-0.058287654
-0.14969021
-0.21528922
0.035923444
-0.021818396
0.043018732
0.10407582
-0.13689062
0.032097626
0.1002039
-0.020201756
-0.039756816
0.13109054
0.0055462783
-0.031275053
0.17808028
0.009954931
0.06419772
-0.027482877
0.20732294
-0.023816459
0.038540892
0.050555713
-0.08563401
-0.018004395
-0.0029299553
-0.116240196
0.03996609
0.12532128
0.10431067
-0.16158143
-0.043671645
-0.034711167
0.119847015
-0.08923185
0.053961046
0.023521975
0.09749688
0.019072993
-0.10988638
-0.050052293
-0.14464134
0.101719595
-0.00016298522
-0.009048192
-0.043168224
0.083871506
0.023236563
-0.083253674
0.076861426
0.007862296
0.017972697
-0.043425582
0.15125477
-0.096110955
-0.03521178
-0.107033566
-0.031314697
0.07323683
0.021309454
-0.12738673
-0.09055621
0.10312434
-0.056567103
-0.09962503
0.04732879
0.13951376
0.16146912
-0.16703333
0.09353858
0.1193029
0.005726091
0.18877397
-0.21473403
-0.024000918
0.01759837
0.0387279
0.08413682
0.034780458
-0.11746958
0.05513591
-0.1345825
0.19689775
-0.1747732
-0.011941884
-0.0067752874
0.008053884
0.11919866
0.09589327
0.031893156
0.02373963
-0.039809547
-0.103192665
0.1306044
0.013505946
-0.04585194
-0.038349953
-0.02298145
0.02991875
0.049690925
-0.27901134
-0.0082729375
0.16677044
-0.12374606
-0.00074686774
-0.13231468
0.0022788474
-0.023632962
0.048633
0.019523252
-0.05459934
-0.0045531304
-0.10831661
0.0053235814
0.100418024
-0.18295802
-0.068290256
0.0942075
-0.1410352
0.21954498
0.16136368
-0.12858239
-0.11268679
0.053094305
0.10774139
-0.0058875694
0.025383174
0.047030687
-0.086174875
0.038740512
-0.07074465
0.12454743
-0.050250877
-0.23520447
0.011143216
-0.140689
-0.07341776
0.086328045
0.16558237
-0.08991641
-0.029883951
0.08581366
-0.13099958
0.15688945
-0.0158436
0.15739815
0.18638621
-0.17044508
0.08136819
0.01079963
0.08588568
-0.08045167
0.08018355
-0.0816138
0.10289486
-0.09524949
0.025337322
-0.05492914
0.11910218
0.06869393
0.16340704
-0.19478685
0.08330893
-0.19174466
-0.0042514987
0.0336264
-0.019062953
0.037001263
-0.06421233
0.041984435
-0.037853688
-0.1117297
-0.09778304
-0.19733827
0.063651964
0.028687911
0.027658744
-0.19396181
-0.22761828
0.090720624
0.05785887
-0.029513273
0.18764095
-0.09479931
-0.0011394446
0.11019794
0.08968127
-0.10451856
0.046247575
0.015123717
-0.18588907
0.04091259
-0.044469077
0.09286434
-0.033916183
0.07814606
-0.11571955
-0.16890618
-0.015403394
0.08240456
0.058807764
0.16277607
0.09928226
-0.0011760383
-0.14077169
0.124599926
0.032635674
0.14333285
-0.0043663536
0.17424326
-0.09387998
0.09971484
0.10310961
-0.017490301
0.08451474
0.0029570577
0.13799122
-0.10949082
0.15231627
-0.06625323
0.004300978
0.1550552
-0.020741919
0.061549775
-0.09580268
0.030666184
0.06322246
0.06283204
-0.11625153
-0.17342684
0.108894676
0.10437097
-0.074904576
-0.12784195
0.015395333
-0.13218372
0.15484767
0.009705504
-0.0018619423
-0.16592523
0.10954707
0.118600585
-0.12836415
-0.2484768
0.07123201
-0.05073673
-0.13672641
-0.110823564
0.127669
0.04856366
0.046078555
0.15656677
-0.10513445
0.124543376
0.10852808
-0.007662204
-0.004573385
-0.028436923
0.010757619
0.16509926
0.080766544
-0.13213143
-0.014671877
-0.08071312
0.06549132
0.047807872
0.11998933
-0.11581597
0.059836987
0.15660392
0.03692598
-0.10652425
-0.0912512
-0.18400763
-0.25517112
-0.037727617
0.023511853
-0.048086945
0.039699953
-0.019846363
0.02135602
-0.06789998
0.18507318
0.10113416
0.061944593
-0.20989072
0.10133679
-0.081289016
0.06060105
-0.081191294
0.19669414
0.043973736
-0.03637141
6.992201e-05
-0.08127301
0.012099215
0.14688388
-0.030409599
0.03453113
0.07390717
-0.010508821
0.03907467
0.109246865
0.061074354
-0.005717597
-0.058438245
0.066138536
0.07535264
0.18775672
-0.035601128
0.0647122
-0.05665751
0.13285437
0.06372483
0.108018294
-0.0697324
-0.17519087
0.1802391
-0.04568714
0.084904335
-0.008350212
-0.056529216
0.03448376
0.17231652
0.13413455
-0.1690027
-0.10077817
0.09121933
-0.121375084
0.17625333
0.0072954083
0.10449011
0.11908906
0.010840644
0.11147907
0.12507117
-0.11649134
-0.028302465
-0.12533835
-0.07953733
0.14215112
0.16354693
-0.09655129
0.059775565
0.025854444
-0.08807377
-0.00531063
0.00047224568
-0.0022243438
-0.18393245
-0.13391984
-0.07650657
0.05204685
0.06060823
-0.042388476
-0.049418207
-0.14413466
0.17317231
-0.0033838525
0.011363123
-0.055385467
-0.061504405
-0.011085827
-0.100517154
-0.19625722
-0.048722066
0.0154004535
-0.022959555
0.016402252
0.16688104
0.12952146
-0.0048114797
0.031321477
0.023063773
-0.22326212
-0.14196281
-0.046231188
-0.06467643
-0.10688508
0.033502676
0.1449979
0.059887115
-0.06353205
-0.12930155
-0.016240302
0.06864613
0.01594228
-0.0063066357
0.15499076
-0.05800609
-0.11071329
-0.08983945
0.058184292
0.14401549
0.13582721
-0.1762773
-0.34249747
0.113613375
-0.12522976
-0.13058361
-0.18276143
0.0742143
-0.056705642
0.029753044
-0.08977104
-0.10709176
-0.033588078
-0.06176239
-0.07272042
-0.046605166
-0.0007481911
0.11790696
0.033247016
0.17232597
-0.0029447938
0.07020903
0.07604783
-0.1051769
-0.063078314
0.049111344
0.063098855
0.08865642
0.07022037
0.055309173
-0.12092846
0.06539368
-0.1593815
0.018860573
0.07251562
0.05956456
0.06448202
-0.006758809
0.020413905
-0.16400453
-0.18125916
0.1628648
0.070649326
-0.1919625
-0.118503585
0.050142102
0.04155979
-0.038862027
0.025769165
-0.011584874
-0.08318948
-0.2640846
0.046296652
-0.11616537
-0.045504384
-0.17333066
-0.07875781
0.07893364
-0.00050646026
0.05559314
-0.14088143
0.09872443
-0.1698967
0.058265626
-0.08957868
-0.15121001
-0.29192558
-0.01654071
-0.022708694
0.16373537
-0.02995669
-0.011389613
0.01624884
0.096009016
-0.13777167
0.020458912
-0.12128939
-0.13079281
-0.09799784
0.019795684
0.17394485
0.09246238
0.06705656
-0.08579488
-0.03107783
-0.04930026
0.20382948
-0.1694189
-0.21054244
0.17542358
0.2649069
-0.12564364
0.14699876
-0.06939695
-0.014773461
-0.081715256
0.14239368
0.08382775
0.112819396
0.09352673
-0.008947241
-0.0013392301
0.022064181
-0.0018490743
-0.117361456
0.024706962
0.08754118
0.0038483005
-0.12785989
0.1706292
0.05961981
0.07904637
-0.07142684
0.096556336
-0.117033094
-0.083104014
-0.0077044633
-0.15257567
0.018091947
0.08262643
0.011507327
-0.20946336
-0.027328175
0.0448133
-0.011747224
-0.0687275
0.011333876
0.08649363
0.020853711
-0.0057981224
-0.0802431
0.1667402
0.020347891
-0.00177576
-0.07924956
-0.07494609
0.056242812
0.028485384
-0.0626963
0.13663615
-0.07044488
0.05299872
-0.21106236
0.0805316
-0.12587011
-0.12979132
0.04885044
0.0095049655
-0.08413467
0.052266777
0.101015344
-0.071609214
0.0025575084
0.024101682
0.10540159
-0.09130499
0.0018841826
0.10565621
-0.0050484594
-0.10500257
0.032866668
0.09381915
-0.033314273
-0.046796694
0.036311522
0.19515201
-0.05751329
-0.18958549
0.008475895
-0.18936875
0.15186915
-0.018076438
0.002613449
-0.044289358
0.16847026
0.076353125
0.028042216
-0.07176921
-0.08245613
0.037199624
-0.015270093
0.048805326
0.057475287
-0.18365166
-0.0630796
0.049267247
0.14660203
0.098836936
0.13517492
0.14691913
-0.15993056
0.032311633
0.15121076
-0.074725844
0.23828763
0.08817326
-0.014255296
0.11617689
0.13859075
-0.18645449
-0.17280656
0.15849078
0.030122228
0.07147072
0.18339288
0.21451844
0.14108358
0.17976987
-0.03595828
-0.104058154
-0.06371217
-0.060201548
0.008805756
0.04735294
0.08248069
-0.10193892
-0.130597
0.13521715
0.15005577
-0.04308853
0.06124203
-0.1992497
0.08525385
0.08934531
0.100330666
0.15299731
0.019674916
-0.037541438
-0.026742766
0.052865084
-0.07872488
-0.06690454
0.09208332
-0.043396924
0.04789221
0.15509328
-0.02574583
0.1437076
0.024308732
-0.023338513
0.0055845813
0.04266832
0.08963654
0.020845037
0.048312455
-0.08902875
0.0092606805
-0.09052735
-0.11189913
0.1388197
0.04611713
0.1278933
0.055176694
-0.021613456
-0.046578698
0.18673658
-0.16228974
-0.02604348
-0.14328828
0.19703245
0.089356154
-0.0075302697
0.09250251
-0.28243822
-0.24776538
-0.03590518
0.0006088121
-0.13871701
-0.10442246
0.012314345
0.15181845
-0.08881771
-0.009598565
-0.07126152
0.0956296
-0.2337038
-0.016948693
0.018788021
-0.06055962
0.0889886
0.055356346
-0.13523068
-0.13422534
-0.07058929
-0.05350719
-0.033522405
-0.015804868
0.14660868
-0.08062134
0.047137745
0.07253849
0.04099123
-0.121106714
-0.06380848
0.015982443
-0.18297577
-0.055153262
-0.11126915
0.024913028
-0.13107136
-0.07749422
0.05420413
0.15478031
-0.101467475
-0.048524976
0.10961295
0.022777688
-0.07288256
-0.068760216
0.079641566
-0.014314275
-0.12895602
0.030591285
0.23216723
-0.00046100313
0.04792069
-0.0124114305
-0.011702466
-0.09814789
0.06701364
-0.01730273
0.058004506
0.046293408
0.023228979
-0.0071510687
0.032845706
0.019580536
-0.22801994
-0.043179624
0.1903086
-0.041943792
-0.04179828
0.19204031
0.21141125
0.037893794
0.050595414
-0.10181695
-0.1126245
0.00024273005
-0.25211704
-0.07655924
-0.015991662
-0.023628773
-0.17087194
-0.0500618
-0.14030205
-0.06609413
-0.045229778
-0.07729143
0.13993251
0.057128627
0.19920364
0.026255481
0.16644761
0.29235283
0.06709123
0.09671236
-0.073645756
0.040060863
0.12256536
-0.10546358
0.0076821046
0.03461411
0.024271004
0.03699675
-0.04615608
0.06266408
0.011802036
0.06952572
-0.0017972116
0.061725408
-0.08394156
-0.09701908
0.039921645
0.02232375
0.16596448
0.08667276
0.1433154
-0.05431229
-0.009753613
0.106624365
0.055341177
-0.097382
-0.02700882
-0.08379286
-0.060837593
-0.031110415
0.052485947
-0.121207334
-0.024596466
0.04686609
-0.03695841
-0.06860112
0.09272026
0.089284755
0.030730966
-0.023579717
-0.008672359
0.016228568
-0.19908826
-0.096051335
-0.040848467
0.011084235
-0.01999468
-0.05873623
-0.14034289
0.0063782353
-0.2241701
-0.04226463
-0.108387284
-0.11921555
-0.07304417
0.029105155
-0.098640926
-0.043730587
0.011393585
-0.14927208
0.11450349
0.025236227
-0.031854264
0.087870285
0.00081953866
-0.051696647
-0.09889154
-0.13846488
-0.04768078
-0.007634548
-0.051982675
0.041131392
0.0020183274
0.019401824
0.13075452
0.0006706673
0.03546023
-0.036504403
-0.05895529
-0.0399127
0.07193779
-0.08243286
-0.1935282
0.08995811
-0.04087626
0.12486217
-0.22813885
-0.15765907
-0.03675631
0.057488665
0.03664452
0.205548
-0.013210423
0.057006568
-0.09098504
-0.04918672
-0.23619741
0.022107566
-0.13722287
-0.05738933
-0.10307162
0.09970539
-0.026016293
0.23037408
0.14054826
-0.1569544
0.027736971
0.017422874
-0.050777208
0.1720817
0.05853967
-0.14411654
0.075797826
0.003702839
0.21420407
-0.01997886
0.044508025
-0.083617866
0.17496625
0.18101153
-0.118535124
-0.07055657
0.014944024
-0.06452425
-0.12529702
-0.05790665
0.0251625
0.08276318
-0.062166605
0.044623956
0.042331737
0.12421678
-0.04382799
-0.009096516
0.1314915
-0.089181505
-0.1265465
0.06072076
-0.19224596
-0.10548628
0.09033693
-0.022214012
0.016479157
0.013217547
0.050324257
0.023381755
-0.04230499
-0.022356465
-0.092865184
0.09276074
0.008519415
-0.059651803
0.0341936
-0.24486756
-0.047529638
0.005148967
-0.21230474
-0.04159138
-0.1568603
-0.07175939
-0.07710698
-0.107472494
0.118728824
-0.04051088
0.10664853
0.063620344
-0.18802765
-0.20689231
0.08680895
0.036790013
0.066496916
0.16715658
-0.10988563
0.03387507
-0.0975199
-0.037013434
-0.013872956
0.03987057
-0.22386159
0.07028128
-0.19979338
0.090581134
0.022524547
0.15259923
-0.12819572
0.07410067
0.13177307
-0.08751842
-0.0038018648
0.1262771
-0.089475006
-0.070911355
-0.13226658
0.0030631076
-0.17380278
-0.0020614532
0.065731674
-0.037680693
0.0058874143
-0.06537285
-0.14201887
-0.12404298
-0.017283598
0.01665165
0.15775664
0.089672446
0.064461075
-0.27424303
-0.012600352
0.048995357
0.031952612
-0.0055164397
-0.18992081
0.062253177
0.12404219
0.10405707
-0.037792284
-0.11296486
0.036888257
0.019831887
-0.043387726
0.0019017801
0.0487963
-0.078566745
0.13989608
-0.09470798
-0.08398756
-0.035245627
0.0012845474
-0.008536563
0.053874053
0.10825994
-0.15559722
-0.07128472
0.00088334305
-0.15834989
0.06705548
-0.13623016
-0.13115555
-0.02610585
-0.11668204
-0.006234103
-0.1591681
-0.040996958
0.03684345
0.14407761
-0.03947266
0.15964434
-0.035990737
0.0177245
0.21183582
0.031580884
0.15336809
0.14409904
0.081084915
-0.09379795
-0.09792619
0.079261765
0.18128711
0.04506071
0.09105257
-0.09011933
-0.112033054
0.180005
-0.04292943
-0.0051683253
0.06423439
-0.061664414
0.108153455
-0.07505907
0.0036281582
-0.08602907
-0.08775206
-0.065488905
0.12453328
0.17025158
-0.14899455
-0.06531409
0.1316367
-0.016084809
-0.06657421
0.05992682
-0.01422039
0.10767181
-0.043524228
0.104611084
-0.015938226
0.016563077
-0.07581393
-0.05738405
-0.062130764
-0.03965696
0.11204777
-0.10846737
0.060289893
-0.13993047
-0.16085763
-0.057787806
0.017073136
-0.12508361
-0.089679115
-0.22559279
-0.089747995
-0.093462266
-0.057712086
0.02022506
0.048523437
-0.12904786
-0.026136417
-0.15193838
-0.019985342
-0.19869104
0.09423653
0.0015586489
-0.03426046
0.058540218
-0.035717722
-0.002297863
0.029676309
-0.04917373
0.060853772
-0.050349955
-0.05618882
0.16094148
0.0059982873
0.036960296
0.0018879939
-0.13728112
-1.3775641e-05
0.026866173
-0.11163228
-0.112892576
0.059413277
-0.08940826
-0.05928587
0.14118412
-0.124114856
-0.062001627
0.095147334
-0.06541093
-0.09907179
-0.040518206
-0.07914458
0.11347294
-0.014454802
-0.034763776
-0.14753857
-0.030931983
0.019965367
-0.029662883
-0.010154513
0.03195616
-0.049571257
0.054870445
-0.0506345
0.054450106
0.046887696
-0.18642542
-0.1288123
0.06824737
0.1331617
-0.055036943
0.046238936
-0.046812385
-0.18140149
0.07268355
-0.011273799
-0.109509505
0.048653558
-0.09331346
-0.03877491
0.006435241
0.012766708
0.09596885
-0.20500596
-0.08822274
0.10884154
0.019852633
-0.03038887
0.13722728
0.1082234
-0.058970142
-0.024646992
0.08509436
-0.047142364
-0.035472017
0.030313782
-0.12724859
0.1971181
-0.0017960143
-0.00079059246
-0.0066216835
0.0051132184
-0.12226944
-0.05549809
-0.20230885
0.06621312
-0.014752866
-0.03877308
0.025507573
0.09893588
-0.04256613
-0.1715546
-0.012995681
-0.07465498
0.081219226
0.061187945
-0.024638249
0.006547977
0.1029396
0.085010365
0.20843674
-0.055427052
-0.15527909
0.09590103
0.06832726
-0.22885206
-0.11744206
-0.052537583
-0.17398356
0.02534326
0.08405594
-0.072483435
0.03270304
-0.06020234
0.04623292
0.03722007
-0.055666786
-0.02937729
0.079010494
0.022808379
0.06113689
0.090943694
-0.021173129
0.050671566
0.21757971
-0.20798731
-0.11342456
0.015735682
-0.1614746
0.011347912
0.12468859
0.048575547
-0.07054298
-0.10623724
-0.019083824
0.008212867
-0.05443637
-0.0045280466
0.15057626
-0.2231387
-0.15317366
-0.10294574
0.051856186
0.06861079
-0.04768914
-0.08458115
-0.15952696
0.02907905
0.06696208
-0.06421605
-0.08630891
0.14085197
-0.12031225
0.0048658256
-0.20195626
-0.14164501
-0.03611359
-0.013140282
0.27493173
-0.043957204
-0.050094943
-0.07652775
-0.029261323
0.14354117
0.004903458
-0.014229986
0.0359072
-0.018493319
-0.22472835
0.045037437
-0.16534807
-0.18796457
-0.013318103
0.006222407
-0.031636193
-0.1780086
-0.09429043
-0.0071227634
-0.11200637
-0.12282312
-0.1367404
0.067133926
-0.0796269
-0.15957412
-0.14712286
0.044098083
-0.0019024352
0.05479428
0.031045403
0.019233068
0.03761945
-0.16364291
0.04146701
0.016412979
0.000661356
-0.00601958
0.056828912
0.054466724
0.063482665
0.08954171
-0.054627653
-0.16949898
0.04803247
0.08441233
0.0707551
0.1665317
-0.021927767
0.059995953
0.11376631
0.08603638
-0.04100731
0.23079212
0.13173358
-0.112882696
0.18236907
0.09731801
0.0535336
-0.14506324
0.09218463
-0.12297974
0.060475957
-0.01351865
-0.020448597
-0.023018822
-0.14247015
-0.014176632
-0.035458498
-0.097363316
-0.16327429
-0.08169928
-0.1793059
-0.020021783
-0.055966977
0.09406467
-0.17036942
-0.22704668
-0.044094
-0.10209292
-0.03277283
0.005409542
0.0036576176
0.13128428
-0.05550985
-0.13398573
0.08643605
0.016357249
-0.1549037
0.086192824
-0.1794361
0.08349754
-0.21604611
-0.02792752
-0.10163928
-0.028860636
0.033796787
-0.113631904
-0.10158124
0.10094131
0.053598385
-0.084968016
0.0068817134
-0.029488921
-0.1315689
0.03115541
0.09969254
0.09474787
0.05904039
-0.02579174
-0.08697022
0.15190019
0.045692552
-0.19740875
0.1322569
-0.16338618
0.010441227
-0.024132999
0.08457802
-0.032158792
0.12380769
0.008667161
-0.098004505
-0.113320455
0.0010719154
0.037159353
0.038763616
-0.16567779
0.1499521
-0.043667015
-0.003956594
-0.053666573
0.11350733
0.14605413
0.051484756
0.20382117
0.08856632
0.0045411056
-0.004283256
0.017459687
-0.009195469
0.14412123
-0.04437716
0.17268978
-0.081363104
-0.07850898
-0.012290268
0.13129647
-0.13821997
-0.006000448
0.038217627
0.10781085
0.12060394
-0.028555812
-0.0027730712
-0.008522356
0.10839219
0.15259081
-0.00869529
0.028330922
0.0038716898
0.13599163
-0.06461034
-0.19081596
0.055897612
-0.012741435
0.044071846
-0.01781388
0.08341602
0.16753426
-0.16676368
0.08809661
-0.080665395
-0.03263331
0.030340472
0.011740531
-0.21655655
-0.046896867
0.0148941325
-0.03933579
-0.0013548667
0.003729219
0.09070062
0.057936043
-0.12270252
-0.19269769
-0.07820916
0.036575567
-0.08585646
0.17733118
-0.08695973
0.027461106
0.13778616
-0.0056842742
-0.08478735
0.05016082
-0.17690085
0.0060610836
0.059050567
-0.09832594
0.042583868
-0.010742238
-0.05833353
0.013227696
-0.00042911543
0.11580048
-0.08417295
0.1407049
0.045995787
0.07940509
0.002451452
0.12284749
0.013138235
0.024439244
-0.0596298
0.037642226
0.007196809
-0.13139847
-0.047813606
0.03608876
-0.009257003
-0.16020367
0.06193085
0.01360206
0.15809406
-0.099298
0.062227532
0.17873359
0.15776987
0.18680322
0.054383438
0.10098656
0.012715014
0.031098448
-0.021766083
0.1398219
0.051628616
0.002202806
-0.2193931
0.081423655
0.012007466
-0.107113846
0.10975713
-0.15061721
-0.096483134
0.22704925
0.10744296
0.07691817
-0.01519991
-0.04555622
-0.11980808
-0.025912907
0.09878072
0.11727681
-0.036482822
0.009181746
0.082138
0.1649198
0.10734256
0.1296688
0.035462428
0.040589992
-0.18477604
-0.06220911
-0.125378
0.056122
0.06298285
-0.117793225
-0.15626058
-0.13461469
0.11638521
0.047575157
-0.17367469
0.059944812
-0.1495906
0.04159705
-0.10168704
-0.14367275
-0.13237382
0.039185982
-0.08589673
-0.1105289
-0.14432481
-0.05568887
-0.13842224
0.09170779
0.058111787
0.08259451
0.004921807
-0.09900377
0.17042394
0.10259234
-0.08067282
-0.0450885
0.14007033
0.14036907
0.08985061
0.04286721
-0.062343042
0.04117188
-0.036362227
-0.03416928
-0.14676186
-0.14880334
-0.078636475
-0.043440286
0.005056159
-0.02199354
0.13258506
-0.058182627
0.04238803
-0.07078132
-0.033822257
0.05031596
-0.05498955
0.10210043
0.16220397
0.17173335
-0.16034353
-0.057739932
-0.029564127
0.010501884
0.005552025
0.08274028
-0.14524204
-0.0016972993
-0.103822
-0.09904088
0.01563319
0.03388557
-0.058895502
-0.10793492
0.078094274
-0.19877431
0.005129412
0.09899216
-0.02224043
0.08555791
-0.12750362
-0.1454407
-0.058291737
-0.028069746
-0.09429772
0.030797238
-0.016491171
0.08784707
0.033765376
-0.020553794
-0.0012672637
0.20835261
-0.001265842
0.05990723
-0.0984098
-0.01940952
-0.20580207
-0.15704897
0.13279365
-0.11733466
-0.018578783
-0.20271507
-0.1445872
-0.055518422
0.09472501
-0.008502421
-0.112997636
0.06005807
0.058050115
-0.19504254
-0.091564775
0.0014869162
-0.022313297
-0.036464036
-0.033918615
-0.20806354
0.038042262
-0.1092919
-0.13536283
-0.0111037195
0.1381851
-0.015219297
-0.14169636
0.064643994
0.09262856
0.035819486
0.06898365
-0.14501107
-0.039333984
-0.07104062
0.029035594
0.023560282
-0.044145625
-0.064596936
-0.112281464
0.07553411
-0.020806955
-0.00645642
0.23560931
-0.039748088
-0.049500808
0.11531729
0.11363414
-0.24797943
-0.026082285
0.11641193
-0.18132403
0.09477778
-0.11061443
-0.17623657
0.048059046
0.05558285
-0.040843483
-0.033942085
-0.050946586
0.0031951163
-0.010394219
0.027027205
0.17982823
-0.0074138753
0.0429382
0.026864361
0.10127145
0.2172157
0.04295798
0.013597744
-0.04228469
0.17069358
-0.0506579
-0.0054476447
-0.0058845677
0.20749182
-0.120978825
-0.034792252
0.051971298
-0.16786414
-0.005682675
0.0225177
-0.00863641
-0.036983505
0.046695795
-0.07433592
0.055548847
-0.05212262
-0.057279635
-0.112597935
-0.08682489
-0.006015608
0.048395604
-0.029090868
0.15228312
-0.06570081
-0.122615755
0.052057296
0.16897586
0.2016051
-0.037629314
-0.007822338
0.0018073829
0.074521296
0.090686515
-0.016713742
0.0563189
-0.012201765
-0.12680912
-0.026053652
0.16779913
-0.012756095
0.02279896
-0.032374475
-0.035277825
0.06511683
0.24363989
0.06653539
0.007175884
-0.03892725
0.05752381
-0.0039667403
-0.090170436
-0.03113641
0.19473499
-0.22855592
-0.16774482
0.13880095
-0.013009691
-0.032389525
-0.09922619
-0.23093447
-0.03534847
-0.08012359
-0.16584703
-0.2141307
0.06062812
0.03130337
-0.1905228
0.021535365
0.009987094
-0.10757647
-0.01810241
0.04256906
-0.08592105
-0.20687008
-0.10823278
-0.07527497
-0.10473229
-0.03453969
0.12514096
0.12366317
0.002859584
-0.041378547
-0.21258692
-0.14823464
0.13694544
-0.16049363
0.094958596
-0.048820216
-0.05487129
0.11891205
0.02448083
0.09726282
0.10136085
-0.026060436
0.07081932
0.050497502
-0.11489688
-0.03707408
-0.109273545
-0.04883445
-0.11743689
-0.16619907
0.1125285
-0.1844503
0.03705682
-0.13467534
-0.2160661
0.03374409
-0.026585814
-0.120841816
0.060222354
-0.039724667
0.067879446
0.116571404
-0.035349935
-0.018254247
0.0020840038
-0.04737576
0.0917632
-0.009311343
-0.0973099
-0.0018314003
0.19028275
0.049492914
-0.07742015
0.08053441
-0.16558859
-0.07834022
0.023811106
0.13435452
-0.16224456
0.07156744
-0.092621386
-0.044854794
0.05257145
-0.13061562
0.018970136
0.21151902
0.04937015
0.024786351
0.15150604
-0.17731439
0.015815744
0.07958095
0.037946083
0.09794539
0.084677435
0.16902569
-0.07356909
-0.16803609
0.15627973
0.1467399
-0.13285874
-0.11105479
-0.10215593
-0.026581127
-0.007290732
0.07068666
0.017442841
-0.13233109
0.021809036
0.039840106
-0.115342684
-0.10758804
-0.02224363
-2.767259e-05
-0.10819638
0.027585758
-0.075740784
-0.058368016
-0.12020038
-0.1058458
0.01081724
0.064512216
-0.001732596
-0.12560299
0.01736007
0.00013723517
-0.009702576
-0.046692334
0.06564922
-0.08217229
-0.04473551
0.03772717
0.03631257
0.036527336
0.09805182
0.05091216
-0.032023787
-0.008382413
-0.121036544
-0.019506454
0.044548683
0.22246805
0.02168659
0.100411564
0.017149845
-0.1508713
-0.060671013
0.09679424
-0.06500179
0.09012799
-0.07532961
-0.043532643
0.101949245
-0.11907134
0.027935246
0.025289826
-0.07601701
