0.18915518
-0.05914321
-0.18613473
-0.11101415
-0.11955081
-0.003567411
-0.15824226
0.15932235
0.23970585
-0.075816534
-0.29937842
-0.18055175
-0.3159892
0.2332831
-0.12591499
-0.09602536
0.094142
0.06864493
-0.2752557
-0.18756048
0.02991508
-0.0013392153
-0.13442412
0.06690065
0.09845835
-0.03331454
-0.19297878
-0.18858841
-0.096532054
0.074934505
-0.24786773
0.15691967
-0.09195845
0.09014636
-0.2739124
-0.16061056
-0.14684337
0.069706455
-0.07392991
-0.17784087
0.2616701
0.047458183
-0.023859559
0.15177137
-0.0334344
-0.210054
-0.11398687
0.07393035
0.36136153
-0.13279867
-0.14222036
0.08948099
0.0069628367
0.35737097
-0.02576804
-0.04583993
0.022315934
0.33945912
0.011331091
-0.315835
-0.02276076
-0.07855142
-0.20654586
0.016045365
0.19845167
0.034692906
0.11740304
0.039732646
-0.23030527
0.369496
-0.042877376
-0.21940912
0.09220141
0.27232662
0.100452654
0.057216976
0.008261025
0.05517968
-0.027808797
0.033000544
-0.035768427
-0.11806731
-0.08510557
0.11514393
-0.18565403
0.33844197
-0.19762021
-0.13185553
0.25169247
0.23117174
0.14216845
0.12844072
0.043136705
0.1430172
0.01562183
0.04627604
0.24282385
-0.057085555
0.2088768
0.30266616
-0.112359695
0.17662662
0.11979762
-0.18943428
0.2703184
0.13904992
0.31383273
-0.26801795
0.3166079
0.0074916193
-0.15911515
-0.06899445
0.25435326
-0.19396655
0.14695351
0.31539696
-0.14005978
0.13078848
-0.04291938
-0.13756984
0.09485892
0.13414805
0.2670961
-0.053183623
0.10779028
0.18757287
0.030771038
0.24538524
0.28796214
-0.14962047
0.1624916
0.3476763
-0.031418703
-0.010977114
-0.039742474
0.07829135
0.30310443
0.025725955
0.23448582
0.15713014
0.30611208
0.16137017
0.18042004
0.23748127
