-0.028653424
-0.020711191
0.17494833
-0.11570982
0.07716667
-0.053959582
0.032533426
-0.22951333
0.11450294
0.13530867
0.02748712
0.038255386
-0.07203654
0.028640095
0.2242931
0.17813988
0.055366598
-0.110624336
-0.15608364
-0.15287338
-0.07512749
0.057637785
-0.10306824
-0.09499131
-0.12646466
0.10573775
0.15691397
-0.09771859
0.042150952
0.020969927
0.10643352
-0.21798298
-0.12279784
-0.11614433
-0.011523784
0.08188577
-0.099767
0.05130144
-0.13700238
0.08921568
-0.14409685
-0.057070818
-0.27549875
0.1139745
0.01035945
0.09644846
0.11873671
-0.042034194
-0.004121469
-0.11551563
0.0052969074
0.16605547
0.10431375
0.06664292
0.0698429
-0.21235569
0.020640345
0.01651373
-0.09067508
-0.26957715
-0.024517003
-0.19330902
-0.0004154292
-0.07351779
-0.24827938
0.12989832
0.13681217
-0.13721758
0.10213569
-0.04689648
0.1235148
0.021193232
-0.047417883
0.06692401
-0.1782609
0.23580918
0.07215223
-0.10838632
-0.07539943
-0.07090003
0.0871655
0.04084279
0.070899285
-0.05728568
-0.21554415
-0.15155411
0.07098974
-0.10185007
0.017152565
-0.15394263
0.025779476
-0.1966973
-0.058075238
-0.117388204
-0.021923456
0.11530827
0.014513704
-0.120713055
0.12145194
-0.17493229
-0.15572013
-0.2607581
0.06252819
0.042567924
-0.18346472
0.03241893
-0.14843297
0.08900545
0.00025162168
0.089244075
-0.1304961
0.14172682
-0.08016745
-0.25004607
0.03190086
0.07480838
-0.1719701
0.21776766
-0.20714208
-0.21779618
0.15323903
0.015717173
0.03786857
-0.041422587
0.00874594
-0.13455868
0.07752895
-0.2294571
-0.21954359
0.025941133
0.021564368
0.116496354
-0.05980796
0.061175965
-0.060257267
0.06583611
0.13829696
-0.20487003
0.06597767
-0.19905026
-0.08387323
0.03277541
0.08614987
-0.0992936
-0.18743245
-0.22207616
-0.031125087
0.07202007
0.10166361
-0.23884584
-0.03149854
-0.17792033
-0.14602749
0.05855412
-0.083852574
0.075917475
0.06725541
-0.2851158
0.09323475
-0.084747866
-0.09261667
-0.13893747
-0.11930958
0.12548435
-0.1636792
0.04860978
-0.23108767
0.05348447
-0.27909642
0.018014176
-0.11638409
0.14364457
0.18164015
-0.2141423
-0.17607455
-0.006371575
-0.01582377
0.07889125
0.107372224
-0.2037404
0.06827362
-0.15875411
-0.09675007
0.05746856
-0.17923418
0.030019734
-0.20837608
0.030823644
0.048214987
0.040263966
-0.047949016
0.055682868
0.06773924
-0.1558082
-0.14967924
-0.060160726
-0.15197675
-0.095757075
0.2505009
-0.09937543
-0.22522177
-0.0528947
0.09629407
0.051574353
-0.13423108
0.06846432
-0.16341296
0.030609982
0.15177904
-0.18390088
-0.0785535
0.23886546
-0.108421825
0.16631569
-0.077158615
0.044643912
-0.12638769
0.20104045
-0.21830614
0.11722062
-0.19714658
0.0834047
0.120357014
-0.09744489
0.0004912732
-0.04485437
-0.038641635
0.008100385
0.12624101
0.08443372
-0.025402324
0.13580237
0.17302254
-0.098929316
-0.15112406
-0.14778191
-0.19753227
0.13832763
-0.15621577
-0.14009093
-0.046579592
0.055947434
0.05789772
0.009068451
-0.22294487
-0.0020547784
0.019578055
-0.103665024
-0.11812219
-0.04507162
0.19705361
-0.032956194
0.21228948
0.18077692
-0.008700531
-0.035349336
-0.16940027
0.0657718
-0.06559054
-0.017257769
0.13015904
0.08437827
-0.12743294
-0.22060011
0.12294392
-0.033954404
0.16454917
-0.2447419
0.08927477
0.11736303
0.08798215
0.019180952
-0.052590467
0.045068093
-0.0749391
-0.0663257
0.034567606
0.10867605
-0.088488474
-0.04164745
0.04617713
0.21441433
-0.13784666
-0.03992311
-0.21675663
-0.0012792706
-0.16013184
-0.08869174
-0.05507568
0.010537285
-0.21876907
0.058416482
0.009397563
0.041856684
0.046095088
0.033968396
-0.13868234
0.051048882
0.054484356
0.015517357
0.05513652
0.06636133
-0.23894669
0.0386427
-0.116874754
0.09037956
-0.025289867
-0.17369632
-0.06657656
-0.06507351
-0.08700859
0.13194528
0.0012559342
-0.057572648
-0.0067457096
0.15234128
0.028386012
-0.2059075
0.06921746
0.024408998
8.7042936e-05
0.0065940684
-0.042238545
0.09066683
0.10811914
0.15784608
-0.10227446
-0.08162749
-0.04910698
-0.037266646
-0.1346249
0.18117918
-0.18808077
0.02631672
-0.02361832
0.17259957
0.0839793
-0.030024918
0.014781472
-0.06638478
-0.13808312
-0.14838113
0.13102747
0.12446484
-0.06579692
0.09302557
0.021325909
0.14235245
-0.09840458
0.1490854
0.16214147
0.13069125
0.11874972
-0.11334799
-0.143394
-0.15092047
0.0050087473
0.043775827
-0.21203934
-0.17648591
0.0594236
-0.18993582
0.051928207
-0.09116191
-0.23396468
-0.019590493
0.0007421898
0.11140972
-0.1434591
0.17124858
0.005654666
-0.09623441
0.006729492
0.15414277
-0.056446802
0.0068499837
0.19836347
-0.22972834
0.0035475774
0.098581254
-0.05021204
-0.15324292
-0.13785945
0.13683094
0.01753572
0.1288967
0.07938681
-0.16647278
-0.009271402
-0.05735741
0.1363921
0.031165067
0.06363123
-0.09160956
-0.19036908
-0.11939192
0.07683258
-0.115848206
0.09208225
-0.21188618
0.0058554555
0.00063854305
0.09188571
-0.061498564
0.11104941
-0.21041349
0.033245936
-0.26282746
0.12901482
-0.004058282
0.0715484
0.037724193
-0.20785457
-0.19572102
-0.035814863
-0.14077294
0.024234775
0.03650079
-0.016801514
0.06272373
-0.15444887
-0.070318885
0.07403677
-0.025623199
0.13732599
0.038425058
0.12573108
0.078784496
-0.16575548
-0.20399919
-0.10190991
0.13418059
-0.24077418
-0.11993694
0.14731158
0.09279554
-0.07530421
0.025303662
0.07040262
0.082651936
0.12627888
0.04939565
0.06840104
-0.098260514
0.02416496
-0.03545425
0.0726693
-0.25478774
-0.11088165
-0.06336935
-0.18543954
-0.1095612
-0.11362307
0.030813029
0.03169451
-0.037946448
0.014055315
0.035699748
0.027758086
0.07314371
-0.037569374
-0.18183972
0.011123914
0.13344428
0.09959078
-0.07201576
-0.0870014
-0.17096661
0.060211126
0.14230122
0.07997935
-0.023980169
-0.09757756
-0.169514
0.098296605
0.050541606
-0.030986514
0.0679705
0.030266587
0.079455495
0.13887596
-0.02171282
0.030048585
0.111453526
-0.089164816
-0.07647393
-0.037561245
-0.22509603
-0.0022918242
0.018928489
0.12292862
-0.28426632
-0.08540066
-0.14398006
0.05879878
0.10464244
-0.11474274
0.1387208
0.14423397
0.13939431
0.09512891
0.06006049
-0.13920611
-0.02291304
-0.13296793
0.13463151
0.037382215
0.11160015
-0.2562947
-0.17039113
0.0062382007
-0.20510362
0.054395624
-0.0691753
0.017699454
0.086940154
-0.17576167
-0.041304544
-0.0576724
0.06120077
-0.21385135
0.10678981
0.24205658
0.18314776
0.04095482
0.030868638
0.031009192
0.13144055
-0.028662566
-0.23565505
-0.039868433
-0.03677433
-0.089002036
0.16021384
-0.24346863
0.1542776
-0.11456874
-0.051930252
0.08532051
0.01671625
0.09171539
0.11884766
0.050835066
-0.04722696
-0.024913654
-0.16224399
0.1390074
-0.029914517
0.01025865
-0.0023773648
0.13595667
-0.05145526
0.07657435
0.014446531
-0.034584314
-0.006717138
-0.25435558
0.071949385
-0.06618037
-0.18622516
0.07988463
-0.08218302
0.21860735
-0.096413925
-0.12264335
0.11586783
0.14907037
0.15423572
-0.026048236
-0.012678101
-0.08274503
-0.12950215
-0.05838843
0.16543147
0.15814127
0.1023559
-0.10276779
0.1350269
-0.065204024
0.02755861
0.12541662
-0.05491494
-0.2367307
-0.16736497
-0.16995654
0.048351243
0.09804354
0.19724791
-0.20288697
-0.06598007
-0.11047113
0.076212235
0.112846926
0.02588797
-0.20097473
-0.10621271
-0.16908014
0.13554771
-0.17261204
-0.0443844
-0.13989606
-0.0022938258
-0.13391101
0.069739304
-0.027016297
-0.08671139
-0.1291348
0.02385077
0.012019586
-0.13359264
-0.117604084
0.22385213
-0.0738429
-0.12038141
0.11406224
-0.10415302
-0.082422756
-0.16227217
-0.18962009
-0.16049908
-0.025025489
-0.157876
-0.043094743
-0.09416808
0.104571335
-0.11101718
-0.04511839
0.02051759
0.08796735
-0.08581578
-0.057284273
0.0071087945
0.14334674
-0.13523525
0.11967599
0.10094269
0.16574728
-0.18639542
-0.20759733
0.010556064
0.12978691
0.015366243
-0.093482345
-0.08358741
0.12416632
-0.042236574
-0.16503605
0.13821793
-0.09468282
0.13390462
-0.060638625
-0.053918775
-0.008736712
-0.08524369
0.27789667
-0.17562571
-0.048560247
0.08095573
-0.17114845
-0.12979798
0.13127603
-0.04239227
0.061677877
-0.23405759
0.0068814475
-0.15843673
-0.024159608
-0.08423571
0.045289207
-0.075888075
-0.12612839
0.13560665
-0.1262816
-0.0062668175
-0.14270478
-0.16961476
-0.18042168
-0.056082115
0.17650199
0.1499024
0.08159757
-0.046731286
0.14063564
0.019017618
0.1959759
-0.21538101
0.022144338
0.11479092
-0.041317683
-0.2423712
-0.1418717
0.059728857
0.077981144
0.07411815
-0.116899244
0.15492119
-0.12841477
0.061842773
0.023719026
-0.07357374
-0.16110614
0.11892076
0.040318068
0.096538514
-0.12634884
0.09910616
-0.18267483
-0.13440335
0.04990447
0.009487612
-0.18500909
0.008156621
-0.14810415
0.12258501
-0.23327035
0.09851163
-0.13696301
-0.03908498
-0.20361087
0.060624342
0.006911963
-0.08933923
-0.021956224
-0.01049554
-0.19862685
0.07398566
0.046662454
-0.15906751
-0.1347579
-0.18644695
0.08688731
-0.05255337
0.118207805
0.18147764
0.05701284
-0.107589476
-0.10012248
0.043947157
-0.1385713
-0.055329517
-0.10165264
0.20104301
-0.026893351
-0.056002613
0.11877919
-0.045733117
-0.22539762
-0.13279644
-0.15169461
0.10392129
-0.046545777
-0.20161104
-0.11320935
0.012502629
-0.029093659
-0.024356572
0.07038891
-0.107383706
-0.0874259
0.03559433
-0.08844367
-0.013118868
0.05585368
-0.15411945
-0.06331516
0.060746513
0.15166181
-0.035727568
-0.10967756
-0.019692726
-0.113560975
0.16078661
0.1253114
0.13312866
-0.15445887
-0.2846407
-0.25808135
-0.0060288124
-0.06369507
0.084237635
-0.16401634
-0.21551976
0.07417234
0.12068401
0.09853988
0.031093106
-0.2000037
0.07838963
0.102685645
0.12116037
0.03494381
0.17114472
-0.0827689
-0.1090735
-0.059847925
0.09501285
-0.11713729
-0.02256631
0.16150455
-0.106564015
-0.2050666
0.0063371533
-0.04647934
0.07066504
0.01148208
-0.10580423
-0.32619613
0.08817162
-0.029083768
0.06933493
0.12189352
-0.104094826
0.043072455
-0.12575364
-0.08262669
-0.14053766
-0.18447271
0.026220188
0.08411214
0.0578896
0.05854489
0.029202271
-0.24763463
-0.11082074
0.13569239
-0.12550402
-0.16035925
0.113485835
-0.044425905
0.12779175
-0.19569379
-0.22118112
-0.16248734
-0.2067795
0.12985419
-0.14468428
0.1851918
-0.10804983
-0.20032695
-0.05849416
0.020238146
-0.07602782
0.017674245
-0.002730768
-0.34677517
0.0031463918
-0.059222266
-0.19985329
0.0046340995
-0.08696062
-0.2231519
-0.16908921
-0.0036291338
-0.11137823
0.09205989
0.08576689
-0.028334241
0.08046926
0.07448838
0.11832996
-0.15545143
-0.32926226
0.07613296
-0.01107445
-0.050362993
-0.011024748
0.010899798
-0.1581413
0.085680656
0.03987578
0.14968747
-0.11875525
-0.07798801
0.09067544
-0.07958557
0.083338045
-0.18993102
-0.15819101
-0.0103155775
0.032320965
-0.15761665
-0.060743574
0.15244648
0.12682557
-0.21051721
-0.1294696
-0.35979366
0.09644163
0.11621283
0.024130106
-0.12622745
-0.25751376
-0.15975164
0.04631841
-0.1835109
0.074856974
-0.06777236
-0.21582699
0.05429282
-0.021450778
-0.06614432
-0.066029325
-0.00059697113
0.0007159701
0.036562722
-0.0846568
0.13218954
0.082773
-0.08588753
-0.20177934
-0.0016122027
-0.0625126
-0.027223721
0.009884136
0.20451427
-0.14468908
0.12892792
-0.27026653
-0.24406789
-0.18857585
-0.11425043
-0.08537976
-0.107367426
-0.12908037
0.16116454
0.14387365
0.16933657
-0.19654366
0.06473643
0.13261066
-0.1036828
0.026338104
0.022116782
-0.07410172
-0.09265591
0.16561988
0.061195314
0.012331282
-0.025851574
-0.07125371
-0.071701795
0.090990275
-0.055759333
0.2004751
-0.09299748
0.16889276
-0.08444123
-0.07214921
0.1217312
0.14330329
-0.18133837
-0.0098914625
-0.024217827
-0.19764955
-0.0016254932
0.0066923765
0.034472045
-0.25631967
0.0026261164
-0.22350658
-0.116097964
-0.14507528
-0.3393229
0.105922155
0.10944897
0.048153132
-0.12344961
-0.09143321
0.017124066
0.04787107
-0.25349084
0.045728263
-0.14828189
0.069680735
0.13725911
0.06449217
-0.17194858
0.115864515
0.0773195
0.12545608
0.036146566
-0.326895
0.065645285
-0.17822634
-0.031171765
0.068320885
-0.017720047
0.06184935
-0.12777756
0.078470625
0.07748914
-0.12235084
0.034566965
0.11321242
-0.05229503
0.028411403
0.15036368
-0.21560705
0.19239378
-0.049284842
-0.079092704
-0.14005147
-0.06282881
-0.08628657
0.11029135
-0.14388095
0.14341488
0.1927646
-0.07050061
-0.033554304
-0.024552742
0.08322789
-0.06832428
0.07368195
0.03374128
-0.054163806
0.12837249
0.08402002
-0.005964059
0.09951622
0.09419521
-0.10898951
0.15185852
0.016452795
0.0941152
-0.084458984
-0.10927484
-0.052861568
0.07277622
0.04857958
-0.14114614
0.11479578
-0.0706556
0.14045027
-0.13540883
0.0019458341
-0.09280426
0.1842155
0.08002267
-0.14118676
-0.22377807
0.21514936
-0.043913975
-0.108833194
0.21591009
-0.22753616
-0.18403171
0.20556526
-0.19687037
0.0066113793
0.16033164
0.008584663
-0.10147157
-0.11943778
0.025296666
0.13796952
0.09894547
-0.09538806
0.10209703
-0.16821231
-0.16945907
-0.20086008
0.057764567
-0.21682058
-0.02618951
0.051317934
0.031121518
0.12464325
-0.18896367
-0.08307079
-0.13641357
0.062286165
0.08158267
0.0049757017
0.0032826336
-0.1439639
0.078751266
0.023201643
-0.11559403
-0.2518709
-0.11893592
0.1171894
0.124841705
0.10857502
0.117595874
-0.2541684
-0.024627289
-0.07419276
0.118758336
0.14844112
-0.15743385
0.18140635
-0.17313045
-0.011431209
-0.09102068
-0.18507133
-0.22786693
0.12060598
-0.043979738
0.030807866
0.052298598
-0.12588388
-0.008995854
0.08443261
-0.14060232
-0.1559013
-0.024873504
0.103822395
-0.034712624
-0.20682085
0.053025875
-0.034438368
-0.17012788
-0.074534155
-0.1558067
-0.10313266
0.13218287
-0.15137926
0.05318959
0.10518677
-0.0576329
0.1879789
-0.11282175
-0.16844992
-0.043169376
0.06993281
-0.06362382
-0.099338174
0.015206003
0.056639526
-0.18273035
0.12432052
0.039753083
-0.13322318
0.13584127
-0.118485965
0.12507069
-0.057553392
0.015723992
-0.18111764
0.08160319
0.09124788
-0.18480593
-0.07451767
-0.11609842
-0.0831834
-0.19042626
-0.106913604
0.051455032
0.021505835
-0.04433995
0.07210034
-0.006827624
-0.019035459
0.14498638
0.18222864
-0.11507945
-0.0462817
0.0055743856
-0.04754864
-0.13088661
0.061180502
0.02004304
-0.04807125
-0.01985079
-0.21317108
-0.12817423
0.05287858
0.031190349
-0.1704485
0.10599809
-0.13585739
0.124336354
0.073323354
-0.17613883
0.103730984
0.12602834
-0.0510246
0.124255836
-0.040933885
-0.023917988
0.13746913
0.0670974
-0.09900481
-0.097619176
-0.12750886
0.057942502
-0.084521085
0.067147575
0.09549588
-0.08533632
0.031035703
0.008841553
-0.027782172
-0.0137918815
-0.083663665
-0.069912955
-0.102895126
-0.08784134
-0.07113879
-0.030392658
-0.05877579
0.034904297
0.081205875
-0.20544372
-0.13636523
-0.31778064
0.070774935
0.058998693
0.0794821
0.16832125
-0.13233505
0.029872498
-0.21037829
0.109421544
-0.113386445
0.07618811
0.08046537
0.038986377
-0.21370003
-0.059452485
0.17130959
-0.0071854643
0.049200088
-0.012179634
0.036633525
0.055661563
-0.1298521
-0.07331124
0.107933775
0.071457446
0.04967882
0.16935143
-0.04334924
0.18426332
-0.22080189
-0.039053597
-0.05826523
0.11914265
-0.09610321
0.111758664
-0.19717234
0.08349919
0.018944
0.048702918
-0.1513866
-0.20700352
0.09407307
0.023248052
0.05237007
-0.095949836
-0.0019440693
-0.21933533
-0.122375734
0.08179474
-0.08788317
0.12880857
0.124992624
-0.19926466
0.11749862
-0.13384639
0.057620436
-0.20841298
0.051449444
0.02470615
-0.1175316
-0.22170912
-0.1621624
0.059759818
0.06734313
-0.12949441
-0.17059584
-0.019563982
0.0440941
-0.08953292
0.026996583
0.012358771
-0.1794533
-0.045561522
0.074800216
